0 0.571875 0.73671875 0.371875 0.29921875
0 0.45625 0.46171875 0.22421875 0.19765625
0 0.11875 0.4046875 0.196875 0.13359375
0 0.3796875 0.259375 0.13203125 0.11640625
0 0.4671875 0.18984375 0.08984375 0.07734375
0 0.57109375 0.25703125 0.1015625 0.0890625
0 0.65078125 0.25859375 0.09375 0.09140625
0 0.66796875 0.35703125 0.13515625 0.08203125
0 0.796875 0.30859375 0.09140625 0.09765625
0 0.86953125 0.2375 0.15703125 0.13828125
0 0.70625 0.4515625 0.14375 0.12578125
0 0.15234375 0.1421875 0.15234375 0.13203125
0 0.3453125 0.93125 0.1640625 0.1375
0 0.88515625 0.8390625 0.2296875 0.165625